              precision    recall  f1-score   support

         ADJ       0.68      0.65      0.66       173
         ADP       0.83      0.89      0.86       288
         ADV       0.70      0.64      0.67       233
         AUX       0.93      0.70      0.80        20
       CCONJ       0.91      0.95      0.93       104
         DET       0.91      0.87      0.89       240
        INTJ       0.79      0.56      0.66        39
        NOUN       0.80      0.84      0.82       626
         NUM       0.96      0.72      0.83        36
        PART       0.81      0.78      0.79       244
        PRON       0.88      0.86      0.87       281
       PROPN       0.81      0.94      0.87       134
       PUNCT       1.00      1.00      1.00       237
       SCONJ       0.81      0.83      0.82        84
        VERB       0.82      0.82      0.82       444

    accuracy                           0.83      3183
   macro avg       0.84      0.80      0.82      3183
weighted avg       0.83      0.83      0.83      3183
