Table 9: Hyperparameter Grid Search Results (5-Fold CV)
=======================================================

  c1   c2  Mean F1  Std F1  Rank
0.01 0.01   0.8207  0.0076     1
0.10 0.10   0.8194  0.0063     2
0.01 0.10   0.8187  0.0092     3
0.10 0.50   0.8162  0.0091     4
0.01 0.50   0.8151  0.0114     5
0.50 0.50   0.8143  0.0075     6
0.10 0.01   0.8133  0.0026     7
0.50 0.10   0.8126  0.0044     8
0.10 1.00   0.8120  0.0094     9
0.01 1.00   0.8116  0.0123    10
0.50 1.00   0.8114  0.0091    11
1.00 0.10   0.8083  0.0086    12
1.00 0.50   0.8073  0.0086    13
0.50 0.01   0.8068  0.0050    14
1.00 0.01   0.8063  0.0076    15
1.00 1.00   0.8051  0.0095    16
